-1.000000,-1.000000
297.919983,446.669373
297.920013,444.199402
297.920013,440.538757
297.920013,436.499054
296.808777,432.978119
295.967529,429.381287
295.967499,425.546875
294.855011,418.490631
293.102509,418.618439
293.102478,416.256256
291.987488,412.648163
291.987488,409.073761
291.987488,405.475006
290.872467,405.557190
290.872498,403.243439
290.872498,399.744080
289.756256,396.403137
289.756226,393.002197
288.637482,386.131561
288.637512,382.767517
288.637512,379.211578
287.518799,377.068420
287.518738,374.850281
286.399994,372.721252
286.399994,370.517517
285.279968,366.211609
285.279999,364.027832
285.280029,361.850342
285.279999,359.680328
284.157471,359.762848
284.157532,357.599060
284.157501,355.440643
283.035004,353.901581
283.035004,351.754700
281.911255,348.591583
281.911255,345.285034
281.909973,341.991272
280.786255,339.960632
280.786255,337.854370
280.786255,335.753784
279.659973,334.291870
279.660004,330.115936
278.532501,328.118134
278.532501,326.044067
278.532501,323.976257
278.532501,321.913452
278.532471,319.856567
279.660004,317.727203
280.786255,317.650330
280.786255,315.605652
281.911255,315.531891
283.033752,313.420319
284.156250,311.317200
284.156250,308.281891
284.156250,306.262787
284.157501,304.248108
285.278748,302.172791
285.278748,300.168762
285.278748,298.169983
285.278748,296.175629
286.398743,294.125000
286.398743,290.992218
287.518738,290.932220
287.517487,288.956573
288.637482,288.898438
290.323730,288.814697
290.323730,286.844727
291.440002,286.790009
292.554993,286.737793
292.554993,284.773438
293.670013,284.722809
295.894989,282.666260
297.611237,282.595642
299.319977,282.527496
301.168732,282.457184
301.168762,280.505005
302.276245,280.465027
303.902496,280.408752
305.008728,280.371887
306.113739,280.336884
307.218750,278.356537
308.322510,278.324066
308.322479,276.383118
309.424988,276.351562
310.527496,274.385651
312.192505,272.883759
313.904968,272.843445
315.679993,270.876556
316.779999,268.930298
317.878754,268.910004
318.978760,266.970306
318.978729,265.054993
318.978760,263.143768
318.978760,260.181549
318.978760,258.280304
318.978760,255.496552
318.978729,253.604706
318.978729,251.716888
318.978729,249.832214
318.978760,246.856247
318.978729,244.980957
318.978760,243.109665
317.880005,243.126251
316.779999,243.145004
315.681244,243.163437
310.174988,239.538452
306.864990,237.751251
305.187500,237.793121
303.506256,237.837494
302.398743,236.006256
301.291229,236.037521
301.291229,234.178452
300.182465,234.210037
300.182495,232.353760
300.182495,230.500946
301.291260,230.469986
301.291229,228.620956
302.398743,228.590942
302.398743,226.745010
303.505005,226.716248
303.505005,224.874054
304.611237,224.846268
304.611237,223.007202
305.717499,221.557816
307.332520,221.521545
307.332489,219.688766
308.436218,216.978470
308.436249,215.152496
309.538727,215.130966
309.538727,213.308151
309.538727,211.488770
310.642487,211.468140
310.642517,209.651550
310.642487,206.910950
310.642487,205.100632
309.538757,205.119995
308.436249,203.331863
307.332489,201.546249
305.692505,201.577499
305.692505,199.774063
304.587494,199.795944
303.481232,199.818741
303.481232,198.016876
302.373749,198.039993
302.373749,196.240311
302.373749,193.501877
301.267487,193.524689
301.267487,191.730927
301.267487,189.938751
301.267487,188.149063
301.267487,186.361877
301.267487,184.576553
302.373749,182.772827
303.481232,182.752182
303.481232,180.971878
304.587494,180.952789
305.692505,179.155914
306.797485,179.138428
307.902496,179.120926
307.902496,177.345917
309.005005,177.330322
310.619995,177.307495
311.723755,175.520615
313.402496,175.499680
313.402496,173.729996
314.503754,173.717499
316.163727,173.699677
316.163727,171.932495
317.263733,171.921875
318.888733,171.906570
320.642487,170.127502
322.837494,168.348740
325.031250,168.335617
326.127502,168.329681
326.127502,166.569366
327.223755,166.564377
328.319977,166.559372
329.947479,166.554077
331.042480,166.550308
332.681244,166.546875
335.656250,164.785309
337.341248,164.784988
340.141235,164.787186
341.857483,164.790939
343.565002,164.795303
345.312500,164.801239
347.028748,164.808426
348.828735,164.817825
350.556244,164.827820
352.461243,164.840637
354.159973,164.853455
355.256256,164.862167
356.352509,164.871536
358.545013,164.892166
360.738739,164.915009
361.836243,164.926895
363.519989,164.946884
365.300018,164.969055
367.024963,164.992218
368.769989,165.016571
370.973724,165.049713
374.213745,166.866257
377.527466,166.925964
378.632507,166.946869
380.241241,166.978455
381.903748,168.780945
383.603760,168.817490
385.288727,168.855026
387.089996,168.896561
388.841248,168.938751
390.587463,168.981888
391.702454,169.010361
393.357483,169.053421
395.049988,169.098450
396.731232,169.145020
398.536255,169.196259
400.298767,169.247482
401.933746,169.296570
403.635010,169.348740
405.423767,169.404984
406.553741,169.441254
407.683716,167.696594
409.341248,167.750946
411.611267,166.044678
412.747467,166.083160
413.886230,166.121582
415.027466,164.379105
416.167480,164.418457
417.309998,164.458130
417.309967,166.242218
417.309998,168.781250
418.453735,168.823456
418.453735,170.612823
418.453735,172.404083
418.453766,174.196869
419.599976,177.836273
419.599976,179.635956
420.747467,181.487518
420.746216,183.292191
420.746246,185.099060
420.747467,186.907837
421.895020,186.960602
421.894989,188.772522
421.894958,190.587219
421.894958,192.403763
421.894958,195.069412
423.044983,196.949707
423.044983,199.574356
424.197479,202.394714
425.351257,204.292175
426.506226,206.194092
426.506226,208.035339
427.662506,208.101562
427.663757,209.946274
428.821228,210.014069
431.143738,212.004059
432.307495,212.075974
434.097473,212.188736
435.265015,212.263107
437.062469,214.237213
438.236237,214.315643
439.409973,214.394058
441.182495,214.514999
442.362488,214.596573
